201
205
203
205
187
213
205
209
205
184

186
186
186
179
179
179

204
205
206
205
185
198
205
216
205
181

200
205
202
205
188
212
205
207
205
190

214
196
210
196
183
218
196
194
196
191

199
196
215
196
182
195
196
197
196
180

211
196
208
196
189
192
196
193
196
217

201
205
203
205
187
213
205
209
205
184
214
196
210
196
183
218
196
194
196
191

186
186
186
179
179
179
186
186
186
179
179
179

204
205
206
205
185
198
205
216
205
181
199
196
215
196
182
195
196
197
196
180

200
205
202
205
188
212
205
207
205
190
211
196
208
196
189
192
196
193
196
217

201
205
203
205
187

186
186
186

204
205
206
205
185

200
205
202
205
188

213
205
209
205
184

179
179
179

198
205
216
205
181

212
205
207
205
190

214
196
210
196
183

199
196
215
196
182

211
196
208
196
189

218
196
194
196
191

195
196
197
196
180

192
196
193
196
217

